2 20 807499.6139281641 0.26389358921524897
2 19 848479.7540729605 0.28147477064890586
2 18 896493.8560315005 0.30487400165408207
2 17 959880.2399295593 0.30157301797347147
2 16 1016977.8888702627 0.30299300846672883
2 15 1093947.3943151238 0.29370348387660483
2 14 1197004.070367308 0.30930314935622205
2 13 1307374.3813376455 0.31092575912442033
2 12 1419480.880880142 0.30453070348210903
2 11 1547356.679565796 0.3190389849946256
2 10 1720564.6351789525 0.3255574774228486
2 9 1922626.3943768172 0.32213144290482343
2 8 2204004.11917661 0.313930216616167
2 7 2561634.16125382 0.32519328375608425
2 6 2929967.4849359025 0.4027885399343831
2 5 3706061.7055069795 0.4295495048073213
2 4 5448214.176288789 0.4113831035827144
2 3 7280486.960482657 0.4230654565386866
2 2 10815185.643307406 0.6308436898853302
