2 2 11309513.1498604 0.5535961784790886
2 2 11309513.149860397 0.5535961784790886
2 3 7354519.528373504 0.370886630604194
2 4 5728882.950979543 0.3492769499672956
2 5 4327077.773529506 0.3233966075067378
2 6 3578761.465991655 0.3202802712635567
2 7 2967315.490674721 0.3032376780460855
2 8 2620204.3582400642 0.28153746929342516
2 9 2277905.5992099345 0.2508145965560845
2 10 2024691.2637689891 0.25063944573546804
2 11 1844658.950170304 0.25134369385282684
2 12 1695344.2432625005 0.25211857838847446
2 13 1550135.3666345472 0.24714377298537948
2 14 1425509.251928736 0.2375865995499508
2 15 1331323.2498955925 0.22798744153490297
2 16 1221367.013493752 0.22931485556298645
2 17 1150230.3667995227 0.21703540926781512
2 18 1065058.5695476423 0.21870386361197383
2 19 997010.2676645471 0.2105128261748892
2 20 938494.7090295077 0.21650486596061552
